121051852
128417331
127904710
128417329
127904689
128417324
128417326
128391588
127482388
128417315
128264254
127349245
128417313
127793722
127678227
128417307
128417305
128097961
125907301
128383077
128383077
128392317
128254698
124464473
128417298
128367352
128374598
127953002
128396680
128417289
127696327
128367340
128417287
126525424
125878337
128417284
125686359
128417280
128417278
128417277
128417278
128417277
128417272
128417271
128417269
125191162
128417265
128279145
128417263
128279178
127090364
125136189
128417261
124565278
128172953
127807785
122506376
126565753
128417255
127870630
128417272
128417271
128417269
125191162
128417265
128279145
128417263
128279178
127090364
125136189
128417261
124565278
128172953
127807785
122506376
126565753
128417255
127870630
128216277
128053681
128367351
127089402
128158965
128114642
128417250
128417247
125032401
128210069
128417245
126914086
126810370
128121212
102552186
128417243
123488458
128040077
127866142
128392268
123865659
128417238
127866142
128392268
123865659
128417238
128417237
128213076
128367297
128202254
128090899
128058863
128417233
128417232
127470144
126543272
128136541
128417230
128417228
128166310
128417223
128417225
128417220
126678358
127420434
128216786
126353269
128417214
128417215
128417213
127559919
127319926
128417210
128417212
127820778
128417206
128417205
127745936
128358292
127643509
125191551
128279102
128279102
128039276
125313750
127692285
128322451
128417193
128417192
128036838
128367242
128417187
127656668
128417180
126397530
127214760
128417179
128417178
128417177
128177203
125282906
128417175
128177203
125282906
128417175
127146076
128020902
128417174
128417170
127424078
124975187
128417168
128417166
128329308
128417162
127629782
128417159
124154969
128362553
128417156
127666460
128417153
127629782
128417159
124154969
128362553
128417156
127666460
128417153
128417154
125650069
128417146
128043577
128041697
125503571
128417142
128417141
127591231
121772708
128417138
128202133
128392170
128417138
128202133
128392170
128226241
128382494
127847745
128106105
127909600
128223178
128317164
128417125
128417123
128417121
128337081
128417119
128416913
128382984
128417117
128417114
125480773
127912541
128417103
125891941
127844447
128324877
115312082
128417098
127046529
128417093
128417089
127464833
128383918
115211840
127776585
115848263
124865152
128363937
121772851
128047649
127939070
128047649
127939070
128392144
91280266
128417082
126603584
127209080
128417075
126187791
127742493
128417071
127400011
128417065
126797813
128417069
127933829
128327088
127400046
128417068
128377955
128377955
128417067
127400126
128417063
127828703
128417062
128385064
127750827
128390710
128169517
128417050
128375126
126700008
127969246
126109280
124722205
128417045
128417042
127314025
128417039
126340023
125862523
127837915
128417037
122080669
128313236
128417034
127937288
128417029
126897016
126551143
128417027
128417024
128390449
128367116
126873159
128229416
128417020
128417021
128417019
128229416
128417020
128417021
128417019
128417018
128119548
128309686
128417014
127934756
128349832
128417010
123359040
128417005
128150622
120497222
127382286
123750109
128085075
128237364
103929595
128339849
126037322
128264557
118863517
82056724
127596426
120480083
128282543
127727272
128311093
128414065
127941779
128392004
128310566
127918805
128200176
100806819
127400092
121800620
128221659
121800620
128221659
128252341
128332765
128396180
127386334
128365985
115314912
127282647
128243326
128417000
54684766
128303458
128416994
127553530
128416989
128416988
127040824
128416984
128416983
128416983
128416982
126471458
127340985
123138848
127516265
127955919
128367059
128157840
128280165
128205868
128353365
128416976
128416974
128117770
127600877
127784263
128156951
128157216
127119110
127701458
128369802
103931863
128156686
126378288
118871918
128119873
128225866
127632062
114595423
128337647
128416958
126403764
126946187
128277421
128416954
127152367
128135780
128416952
128416951
