146,1
8,3
146,0
145,5
145,4
145,3
145,2
145,1
145,0
144,3
144,2
144,1
12,2
12,1
144,0
143,3
12,3
143,2
143,1
143,0
142,3
142,2
142,1
142,0
141,4
141,3
141,2
141,1
141,0
140,4
140,3
140,2
140,1
140,0
139,5
139,4
139,3
139,2
139,1
139,0
138,4
138,3
138,2
138,1
138,0
137,5
137,4
137,3
137,2
137,1
137,0
136,5
136,4
136,3
136,2
136,1
20,2
136,0
135,5
135,4
135,3
20,1
135,2
135,1
20,3
135,0
134,6
134,5
134,4
134,3
134,2
134,1
134,0
133,4
133,3
133,2
133,1
19,2
133,0
132,4
132,3
19,1
132,2
132,1
19,3
132,0
131,4
131,3
131,2
131,1
131,0
130,5
130,4
130,3
130,2
130,1
130,0
129,4
129,3
129,2
129,1
129,0
128,3
128,2
128,1
128,0
127,5
127,4
127,3
127,2
127,1
127,0
126,4
126,3
126,2
126,1
126,0
125,4
125,3
125,2
125,1
125,0
124,3
124,2
124,1
18,1
124,0
123,3
18,3
123,2
123,1
123,0
122,4
122,3
122,2
122,1
14,6
14,1
122,0
121,5
121,4
121,3
14,12
121,2
121,1
14,3
121,0
120,5
120,4
120,3
13,1
120,2
120,1
13,3
120,0
119,4
119,3
119,2
119,1
119,0
118,5
118,4
118,3
118,2
118,1
118,0
2,2
117,5
2,1
117,1
2,3
117,4
0,539
0,538
